key=94191f446903981502baaf3eedecc2ee
city=Moscow
lat=55.751244
lon=37.618423